0,189
19.568351893005552,189
39.136703786011104,189
58.70505567901665,189
78.27340757202221,189
97.84175946502776,189
117.4101113580333,189
136.97846325103887,189.0454254150391
156.54681514404442,189.0505676269531
176.11516703704996,188.9781646728516
195.68351893005553,188.8282012939453
215.25187082306107,188.6006927490234
234.8202227160666,188.6983184814453
254.38857460907218,189.2390899658203
273.95692650207775,189.857421875
293.52527839508326,190.2895965576172
313.09363028808883,190.6581726074219
332.6619821810944,191
352.2303340740999,191
371.7986859671055,191
391.36703786011105,191.0746002197266
410.93538975311657,191.2295074462891
430.50374164612214,191.1655120849609
450.0720935391277,191.0167541503906
469.6404454321332,191.3447570800781
489.2087973251388,191.8123931884766
508.77714921814436,192.3463745117188
528.3455011111499,192.8616027832031
547.9138530041555,192.8667907714844
567.482204897161,192.737060546875
587.0505567901665,192.6736602783203
606.6189086831721,192.6765899658203
626.1872605761777,192.4968566894531
645.7556124691832,192.1502685546875
665.3239643621888,191.7825012207031
684.8923162551944,191.4269714355469
704.4606681481998,191.2458038330078
724.0290200412054,191.2635498046875
743.597371934211,191.3467864990234
763.1657238272165,191.4954986572266
782.7340757202221,191.7206115722656
802.3024276132277,191.9908294677734
821.8707795062331,192.1305236816406
841.4391313992387,192.2656402587891
861.0074832922443,192.3258972167969
880.5758351852498,191.99755859375
900.1441870782554,191.6692352294922
919.712538971261,191.3409118652344
939.2808908642664,191.0125732421875
958.849242757272,190.6842498779297
978.4175946502776,190.3559112548828
997.9859465432831,190.0275726318359
1017.5542984362887,189.6992340087891
1037.1226503292942,190.1944274902344
1056.6910022222999,190.8144226074219
1076.2593541153053,191.3630218505859
1095.827706008311,191.8402252197266
1115.3960579013165,192.2487945556641
1134.964409794322,192.5905914306641
1154.5327616873276,192.8644104003906
1174.101113580333,193.0702667236328
1193.6694654733387,193.0837860107422
1213.2378173663442,193
1232.8061692593499,193
1252.3745211523553,193
1271.9428730453608,193
1291.5112249383665,193
1311.079576831372,193
1330.6479287243776,193
1350.216280617383,192.9145965576172
1369.7846325103887,192.6373138427734
1389.3529844033942,192.5531158447266
1408.9213362963997,192.8984985351562
1428.4896881894053,192.9232330322266
1448.0580400824108,192.9471282958984
1467.6263919754165,193
1487.194743868422,193
1506.7630957614274,193
1526.331447654433,193
1545.8997995474385,193
1565.4681514404442,192.9838104248047
1585.0365033334497,192.8668060302734
1604.6048552264554,192.8056335449219
1624.1732071194608,192.6628570556641
1643.7415590124663,192.3705902099609
1663.309910905472,192.0279235839844
1682.8782627984774,192.0831756591797
1702.446614691483,192.1705017089844
1722.0149665844885,192.1463012695312
1741.5833184774942,191.853759765625
1761.1516703704997,191.5612335205078
1780.7200222635051,191.5197906494141
1800.2883741565108,191.6071166992188
1819.8567260495163,191.6944427490234
1839.425077942522,191.7915802001953
1858.9934298355274,191.9509582519531
1878.5617817285329,192.126220703125
1898.1301336215386,192.6025085449219
1917.698485514544,193.0788116455078
1937.2668374075497,193.5550994873047
1956.8351893005552,193.7478637695312
1976.4035411935608,193.9072570800781
1995.9718930865663,194
2015.5402449795718,193.8897247314453
2035.1085968725774,193.7883453369141
2054.676948765583,193.7883911132812
2074.2453006585883,193.889892578125
2093.8136525515943,194.0791168212891
2113.3820044445997,194.2673492431641
2132.950356337605,194.4555816650391
2152.5187082306106,194.6438140869141
2172.087060123616,194.6099090576172
2191.655412016622,194.4486236572266
2211.2237639096275,194.1446838378906
2230.792115802633,193.96337890625
2250.3604676956384,193.7850646972656
2269.928819588644,193.503173828125
2289.4971714816497,193.1254577636719
2309.065523374655,193.5061492919922
2328.6338752676606,194.0995025634766
2348.202227160666,194.69287109375
2367.770579053672,195.2862243652344
2387.3389309466775,195.7039337158203
2406.907282839683,195.5509643554688
2426.4756347326884,195.2929229736328
2446.043986625694,195.0348815917969
2465.6123385186997,194.9444580078125
2485.180690411705,194.9754028320312
2504.7490423047107,195.1467132568359
2524.317394197716,195.3445587158203
2543.8857460907216,195.4041442871094
2563.4540979837275,195.3606262207031
2583.022449876733,195.1133422851562
2602.5908017697384,195
2622.159153662744,195
2641.7275055557493,195
2661.295857448755,195
2680.8642093417607,195
2700.432561234766,195.1769104003906
2720.0009131277716,195.5620269775391
2739.5692650207775,195.9471282958984
2759.137616913783,196
2778.7059688067884,196
2798.274320699794,195.923583984375
2817.8426725927993,195.7244415283203
2837.4110244858052,195.5288696289062
2856.9793763788107,195.3267517089844
2876.547728271816,195.1202850341797
2896.1160801648216,195
2915.684432057827,195
2935.252783950833,195
2954.8211358438384,195.3829498291016
2974.389487736844,195.7866973876953
2993.9578396298493,196
3013.526191522855,196
3033.0945434158607,196
3052.662895308866,195.88037109375
3072.2312472018716,195.6259002685547
3091.799599094877,195.420654296875
3111.367950987883,195.6701354980469
3130.9363028808884,195.9196319580078
3150.504654773894,196
3170.0730066668993,196
3189.641358559905,196
3209.2097104529107,196
3228.778062345916,195.8329315185547
3248.3464142389216,195.5834350585938
3267.914766131927,195.3339538574219
3287.4831180249325,195.0844573974609
3307.0514699179384,195.0275573730469
3326.619821810944,195.1097259521484
3346.1881737039494,195.2406616210938
3365.756525596955,195.4203643798828
3385.3248774899603,195.6299743652344
3404.893229382966,195.7976989746094
3424.4615812759716,195.9166412353516
3444.029933168977,195.98681640625
3463.5982850619826,196
3483.1666369549885,196.0191345214844
3502.734988847994,196.0952606201172
3522.3033407409994,196.2553405761719
3541.871692634005,196.5125122070312
3561.4400445270103,196.7409973144531
3581.008396420016,196.8978881835938
3600.5767483130217,196.9831695556641
3620.145100206027,197
3639.7134520990326,197
3659.281803992038,197
3678.850155885044,197
3698.4185077780494,197
3717.986859671055,197
3737.5552115640603,197
3757.1235634570658,196.9172058105469
3776.6919153500717,196.7683410644531
3796.260267243077,196.71044921875
3815.8286191360826,196.7241668701172
3835.396971029088,196.8094787597656
3854.965322922094,196.9663848876953
3874.5336748150994,197.1948852539062
3894.102026708105,197.4371185302734
3913.6703786011103,197.6597900390625
3933.2387304941158,197.8780212402344
3952.8070823871217,197.9037475585938
3972.375434280127,197.6855010986328
3991.9437861731326,197.4794616699219
4011.512138066138,197.4496917724609
4031.0804899591435,197.6062927246094
4050.6488418521494,197.8267974853516
4070.217193745155,198
4089.7855456381603,198
4109.353897531166,198
4128.922249424171,197.9793853759766
4148.490601317177,197.9317779541016
4168.058953210182,197.9563140869141
4187.6273051031885,197.8020935058594
4207.195656996194,197.500244140625
4226.764008889199,197.2705383300781
4246.332360782205,197.1129760742188
4265.90071267521,197.0275726318359
4285.469064568216,197.0080261230469
4305.037416461221,196.9369964599609
4324.605768354227,196.8018798828125
4344.174120247232,196.7766265869141
4363.7424721402385,196.8605651855469
4383.310824033244,196.9445190429688
4402.879175926249,197.0284729003906
4422.447527819255,197.1124267578125
4442.01587971226,197.1963806152344
4461.584231605266,197.2803344726562
4481.152583498271,197.3642883300781
4500.720935391277,197.4482421875
4520.289287284282,197.5322113037109
4539.857639177288,197.5761871337891
4559.425991070294,197.4733428955078
4578.9943429632995,197.4452209472656
4598.562694856305,197.6239471435547
4618.13104674931,197.819580078125
4637.699398642316,198.0834045410156
4657.267750535321,198.2486419677734
4676.836102428327,198.2535400390625
4696.404454321332,198.0208129882812
4715.972806214338,197.7912139892578
4735.541158107344,197.5345001220703
4755.1095100003495,197.2759704589844
4774.677861893355,197.0671691894531
4794.24621378636,197.2480926513672
4813.814565679366,197.4456024169922
4833.382917572371,197.6430969238281
4852.951269465377,197.8545837402344
4872.519621358382,198.3132629394531
4892.087973251388,198.7692718505859
4911.656325144393,199.2252960205078
4931.2246770373995,199.7320098876953
4950.793028930405,200.4465484619141
4970.36138082341,201.10986328125
4989.929732716416,201.4293823242188
5009.498084609421,201.7489013671875
5029.066436502427,202.0684204101562
5048.634788395432,202.3879241943359
5068.203140288438,202.7074279785156
5087.771492181443,202.452880859375
5107.3398440744495,202.0320892333984
5126.908195967455,201.7518157958984
5146.47654786046,201.3898620605469
5166.044899753466,200.9604187011719
5185.613251646471,200.6072082519531
5205.181603539477,200.2539978027344
5224.749955432482,199.9007873535156
5244.318307325488,199.5475616455078
5263.886659218493,199.3548126220703
5283.455011111499,199.2295989990234
5303.023363004505,199.1089935302734
5322.59171489751,199.03271484375
5342.160066790516,199.000732421875
5361.728418683521,198.9607543945312
5381.296770576527,198.9174346923828
5400.865122469532,198.8740997314453
5420.433474362538,198.8307647705078
5440.001826255543,199.0166015625
5459.570178148549,199.3025360107422
5479.138530041555,199.6106109619141
5498.70688193456,199.9408569335938
5518.275233827566,199.7884063720703
5537.843585720571,199.5327606201172
5557.411937613577,199.277099609375
5576.980289506582,199.0214538574219
5596.548641399588,198.400634765625
5616.116993292593,197.7251434326172
5635.685345185599,197.0274963378906
5655.253697078604,196.361572265625
5674.8220489716105,196.0716705322266
5694.390400864616,195.7449493408203
5713.958752757621,195.3813323974609
5733.527104650627,195.0115814208984
5753.095456543632,195.2644958496094
5772.663808436638,195.5173950195312
5792.232160329643,195.7703094482422
5811.800512222649,196
5831.368864115654,195.9822540283203
5850.9372160086605,195.9093322753906
5870.505567901666,195.8364105224609
5890.073919794671,195.7368774414062
5909.642271687677,195.4918518066406
5929.210623580682,195.2837066650391
5948.778975473688,195.1124420166016
5968.347327366693,195
5987.915679259699,195
6007.484031152704,195
6027.05238304571,195
6046.620734938716,195
6066.189086831721,194.9853668212891
6085.757438724727,194.8667144775391
6105.325790617732,194.7480621337891
6124.894142510738,194.6403045654297
6144.462494403743,194.6453857421875
6164.030846296749,194.7088012695312
6183.599198189754,194.8305206298828
6203.16755008276,194.9894104003906
6222.735901975766,194.7510375976562
6242.304253868771,194.4959106445312
6261.872605761777,194.2501220703125
6281.440957654782,194.0043487548828
6301.009309547788,194
6320.577661440793,194
6340.146013333799,194
6359.714365226804,194
6379.28271711981,193.778564453125
6398.851069012815,193.5041961669922
6418.419420905821,193.2369537353516
6437.987772798827,193.0325775146484
6457.556124691832,192.8910522460938
6477.124476584838,192.8123931884766
6496.692828477843,192.7965850830078
6516.261180370849,192.8436584472656
6535.829532263854,192.9603576660156
6555.39788415686,193
6574.966236049865,193
6594.534587942871,193
6614.102939835877,193
6633.671291728882,193
6653.239643621888,193
6672.807995514893,193
6692.376347407899,193
6711.944699300904,193
6731.51305119391,193
6751.081403086915,193
6770.6497549799205,193
6790.218106872927,193
6809.786458765932,193
6829.354810658938,193
6848.923162551943,192.9200286865234
6868.491514444949,192.5920715332031
6888.059866337954,192.3252410888672
6907.62821823096,192.1195220947266
6927.196570123965,191.9749298095703
6946.764922016971,191.8914337158203
6966.333273909977,191.8690643310547
6985.901625802982,191.9078063964844
7005.469977695988,192
7025.038329588993,192
7044.606681481999,192
7064.175033375004,192
7083.74338526801,191.9929809570312
7103.311737161015,191.7484588623047
7122.880089054021,191.5039520263672
7142.448440947026,191.2595520019531
7162.016792840032,191.0151824951172
7181.585144733038,190.8021240234375
7201.153496626043,190.6507873535156
7220.721848519049,190.5611724853516
7240.290200412054,190.5332794189453
7259.85855230506,190.5671081542969
7279.426904198065,190.6626739501953
7298.995256091071,190.8199462890625
7318.563607984076,191
7338.131959877082,190.6613464355469
7357.700311770088,190.2626190185547
7377.268663663093,189.9256134033203
7396.837015556099,189.6503448486328
7416.405367449104,189.4923400878906
7435.97371934211,189.3744812011719
7455.542071235115,189.2566375732422
7475.110423128121,189.1077270507812
7494.678775021126,188.8635101318359
7514.2471269141315,188.6192779541016
7533.815478807138,188.3750610351562
7553.383830700143,188.1308288574219
7572.952182593149,188
7592.520534486154,188
7612.08888637916,188
7631.657238272165,188
7651.225590165171,188.1064758300781
7670.793942058176,188.4326019287109
7690.3622939511815,188.8197784423828
7709.930645844188,189.2680053710938
7729.498997737193,189.7547607421875
7749.067349630199,190.167724609375
7768.635701523204,190.5196380615234
7788.20405341621,190.7677154541016
7807.772405309215,190.6654663085938
7827.340757202221,190.3526763916016
7846.909109095226,190.015380859375
7866.4774609882315,189.8712768554688
7886.045812881238,189.6488647460938
7905.614164774243,189.3811187744141
7925.182516667249,189.2774963378906
7944.750868560254,189.1738891601562
7964.31922045326,189.0590209960938
7983.887572346265,188.9823303222656
8003.455924239271,188.8768157958984
8023.024276132276,188.5550842285156
8042.592628025282,188.2369232177734
8062.160979918287,188
8081.729331811293,188
8101.297683704299,188
8120.866035597304,188
8140.43438749031,188
8160.002739383315,188
8179.571091276321,188
8199.139443169326,188
8218.707795062332,188.1974334716797
8238.276146955337,188.5928802490234
8257.844498848342,188.9883270263672
8277.412850741348,189
8296.981202634353,189
8316.549554527359,189
8336.117906420364,189
8355.686258313372,189
8375.254610206377,189
8394.822962099382,189
8414.391313992388,189
8433.959665885393,189
8453.528017778399,189
8473.096369671404,188.7227478027344
8492.66472156441,188.3414764404297
8512.233073457415,188
8531.80142535042,188
8551.369777243426,188
8570.938129136432,188.1694946289062
8590.506481029437,188.5683135986328
8610.074832922443,188.9512176513672
8629.643184815448,189
8649.211536708453,189
8668.779888601459,189
8688.348240494464,189
8707.91659238747,189
8727.484944280477,189
8747.053296173483,189
8766.621648066488,188.9463500976562
8786.189999959493,188.8253326416016
8805.758351852499,188.8258514404297
8825.326703745504,188.91748046875
8844.89505563851,189.1002349853516
8864.463407531515,189.3740844726562
8884.03175942452,189.7390594482422
8903.600111317526,189.986572265625
8923.168463210532,189.849853515625
8942.736815103537,189.765380859375
8962.305166996543,189.8609466552734
8981.873518889548,189.9121704101562
9001.441870782553,189.8896331787109
9021.010222675559,190.0221099853516
9040.578574568564,190.1545867919922
9060.14692646157,190.18603515625
9079.715278354575,189.9668579101562
9099.283630247583,189.8399505615234
9118.851982140588,189.9351959228516
9138.420334033593,190.1822509765625
9157.988685926599,190.3862915039062
9177.557037819604,190.3449554443359
9197.12538971261,190.191650390625
9216.693741605615,190.0383453369141
9236.26209349862,189.7700653076172
9255.830445391626,189.4634552001953
9275.398797284632,189.1568450927734
9294.967149177637,188.9411163330078
9314.535501070643,188.8948822021484
9334.103852963648,188.9480895996094
9353.672204856653,188.9652099609375
9373.240556749659,188.8119049072266
9392.808908642664,188.6585998535156
9412.37726053567,188.5053100585938
9431.945612428675,188.3520050048828
9451.51396432168,188.4916229248047
9471.082316214688,188.7310333251953
9490.650668107693,188.970458984375
9510.219020000699,189.4197540283203
9529.787371893704,189.8986053466797
9549.35572378671,190.37744140625
9568.924075679715,190.8562774658203
9588.49242757272,191.1675567626953
9608.060779465726,191.406982421875
9627.629131358732,191.6464080810547
9647.197483251737,191.8026580810547
9666.765835144743,191.6637420654297
9686.334187037748,191.3884735107422
9705.902538930754,191.1837463378906
9725.470890823759,191.0684814453125
9745.039242716764,191
9764.60759460977,191
9784.175946502775,191
9803.74429839578,190.7395172119141
9823.312650288786,190.3732299804688
9842.881002181794,190.0069274902344
9862.449354074799,189.3147888183594
9882.017705967804,188.6950225830078
9901.58605786081,188.3734893798828
9921.154409753815,188.6849365234375
9940.72276164682,188.9169769287109
9960.291113539826,189.0696258544922
9979.859465432832,189.1428680419922
9999.427817325837,189.13671875 
