0,343.3753051757812
173.17189119408488,341.408935546875
346.34378238816976,341.0206604003906
519.5156735822546,340
692.6875647763395,340.3726501464844
865.8594559704244,341.4275207519531
1039.0313471645093,342.9863586425781
1212.2032383585943,342.9360656738281
1385.375129552679,343.0768127441406
1558.5470207467638,342.1494750976562
1731.7189119408488,338.9409484863281
1904.8908031349338,337.711181640625
2078.0626943290185,336.778076171875
2251.2345855231033,332.4119262695312
2424.4064767171885,332.4427795410156
2597.5783679112733,331.9881896972656
2770.750259105358,332
2943.922150299443,333
3117.0940414935276,333.0372924804688
3290.265932687613,334.3574829101562
3463.4378238816976,332.4974365234375
3636.6097150757823,330.5452880859375
3809.7816062698676,328.77783203125
3982.9534974639523,328.5770263671875
4156.125388658037,327.9853820800781
4329.297279852122,327.371337890625
4502.469171046207,327.4988403320312
4675.641062240292,327.3872985839844
4848.812953434377,326.1591491699219
5021.984844628461,326.4878845214844
5195.156735822547,326.0365295410156
5368.328627016631,323.5267944335938
5541.500518210716,324
5714.672409404801,323.0596313476562
5887.844300598886,323
6061.016191792971,323
6234.188082987055,322
6407.35997418114,321.886474609375
6580.531865375226,321.5148620605469
6753.70375656931,321.7059631347656
6926.875647763395,320.8458557128906
7100.04753895748,319.9131774902344
7273.219430151565,320.557861328125
7446.39132134565,320.9739685058594
7619.563212539735,320.7026672363281
7792.735103733819,321
7965.906994927905,319.8645629882812
8139.078886121989,319.4029235839844
8312.250777316074,318.9532775878906
8485.422668510158,317.43505859375
8658.594559704245,317.0513916015625
8831.766450898329,317
9004.938342092413,318.6929626464844
9178.1102332865,316
9351.282124480584,317.3407897949219
9524.454015674668,316.3783264160156
9697.625906868754,316.0829772949219
9870.797798062838,315.4922790527344
10043.969689256923,316.0060119628906
10217.141580451007,316.0013122558594
10390.313471645093,314.9662170410156
10563.485362839177,312.6927490234375
10736.657254033262,311.4899291992188
10909.829145227348,311.2781066894531
11083.001036421432,309.4473571777344
11256.172927615517,311.2502746582031
11429.344818809603,311.3952941894531
11602.516710003687,310.8313598632812
11775.688601197771,310.9327697753906
11948.860492391857,316.7044067382812
12122.032383585942,322.2806701660156
12295.204274780026,322.2958068847656
12468.37616597411,321.7175598144531
12641.548057168196,320.56689453125
12814.71994836228,317.1996459960938
12987.891839556365,314.0671691894531
13161.063730750451,307.6446228027344
13334.235621944536,309.6864013671875
13507.40751313862,309.0964660644531
13680.579404332706,307.673095703125
13853.75129552679,307.5195922851562
14026.923186720875,307.0050048828125
14200.09507791496,307.1177062988281
14373.266969109045,307.0909118652344
14546.43886030313,309.9612731933594
14719.610751497215,317.2925109863281
14892.7826426913,314.0716247558594
15065.954533885384,313.9528198242188
15239.12642507947,310.7853088378906
15412.298316273555,306.3853759765625
15585.470207467639,306
15758.642098661723,302.7410583496094
15931.81398985581,302.4634399414062
16104.985881049894,304.8095703125
16278.157772243978,304.0208740234375
16451.329663438064,304.6283264160156
16624.50155463215,305.8180236816406
16797.673445826233,306.8244018554688
16970.845337020317,304.5452575683594
17144.0172282144,298
17317.18911940849,298
17490.361010602574,298
17663.532901796658,297.7157592773438
17836.704792990742,295.9829406738281
18009.876684184826,297.0001831054688
18183.04857537891,296.0159912109375
18356.220466573,295.0652465820312
18529.392357767083,293.07568359375
18702.564248961167,291.9300231933594
18875.73614015525,291
19048.908031349336,291.1434326171875
19222.07992254342,292.124267578125
19395.25181373751,293.6554870605469
19568.423704931593,294.2326965332031
19741.595596125677,292.1763305664062
19914.76748731976,291.7156982421875
20087.939378513845,291.95166015625
20261.11126970793,291.1338806152344
20434.283160902014,291
20607.455052096102,292.4195861816406
20780.626943290186,292.2101440429688
20953.79883448427,290.7246398925781
21126.970725678355,288.7828979492188
21300.14261687244,289.6388549804688
21473.314508066524,288.9801330566406
21646.48639926061,287.3804626464844
21819.658290454696,287.7142333984375
21992.83018164878,287.6318054199219
22166.002072842864,289
22339.17396403695,288.8307800292969
22512.345855231033,291.4180297851562
22685.517746425117,291.9359741210938
22858.689637619205,291.0107116699219
23031.86152881329,288.6239929199219
23205.033420007374,288.0217590332031
23378.20531120146,285.7242431640625
23551.377202395543,285.9226989746094
23724.549093589627,285
23897.720984783715,285.3169860839844
24070.8928759778,286.0022888183594
24244.064767171883,285.6463317871094
24417.236658365968,285.100830078125
24590.408549560052,286.0028381347656
24763.580440754136,285.7420959472656
24936.75233194822,283.3884582519531
25109.92422314231,282
25283.096114336393,283.7401123046875
25456.268005530477,283.7772827148438
25629.43989672456,285.0616149902344
25802.611787918646,285.4002990722656
25975.78367911273,284.0216979980469
26148.955570306818,284.4439392089844
26322.127461500902,284.6785278320312
26495.299352694987,287.0906066894531
26668.47124388907,284.3105773925781
26841.643135083155,284.7424011230469
27014.81502627724,288.8182678222656
27187.986917471328,291.3418884277344
27361.158808665412,300.8414916992188
27534.330699859496,303.6264343261719
27707.50259105358,290.2278442382812
27880.674482247665,286.6668395996094
28053.84637344175,284.3172302246094
28227.018264635833,287.3882141113281
28400.19015582992,285
28573.362047024006,285.1920166015625
28746.53393821809,284.9652099609375
28919.705829412174,282.8345642089844
29092.87772060626,281.2474975585938
29266.049611800343,281.873046875
29439.22150299443,287.582275390625
29612.393394188515,290.3807678222656
29785.5652853826,287.6297912597656
29958.737176576684,283.5294189453125
30131.909067770768,283.8548889160156
30305.080958964852,282.3923034667969
30478.25285015894,281.7450561523438
30651.424741353025,278.1185607910156
30824.59663254711,281.2667236328125
30997.768523741193,285.9293518066406
31170.940414935278,291.1410522460938
31344.112306129362,286.896240234375
31517.284197323446,280.9952697753906
31690.456088517534,292.32861328125
31863.62797971162,299.0573120117188
32036.799870905703,295.3190002441406
32209.971762099787,283.4103088378906
32383.14365329387,277.5078125
32556.315544487956,275.1083984375
32729.487435682044,275.7556457519531
32902.65932687613,275.7868041992188
33075.83121807021,275.7535400390625
33249.0031092643,273.288818359375
33422.17500045838,273.9591369628906
33595.346891652465,275.0670166015625
33768.51878284655,272.4112548828125
33941.690674040634,273.1142578125
34114.86256523472,273.0997924804688
34288.0344564288,273.45166015625
34461.206347622894,274.5333251953125
34634.37823881698,274.0213317871094
34807.55013001106,272.753173828125
34980.72202120515,272.9966125488281
35153.89391239923,273.9845886230469
35327.065803593316,272
35500.2376947874,272.7161560058594
35673.409585981484,273.3131713867188
35846.58147717557,272.0240478515625
36019.75336836965,273
36192.92525956374,272.5610961914062
36366.09715075782,271.761962890625
36539.269041951906,272.09814453125
36712.440933146,272.6594543457031
36885.61282434008,272
37058.784715534166,271.155517578125
37231.95660672825,271.4599609375
37405.128497922335,272
37578.30038911642,271.7603454589844
37751.4722803105,270.9928588867188
37924.64417150459,272
38097.81606269867,270.1700744628906
38270.987953892756,271.2160034179688
38444.15984508684,271.3007202148438
38617.331736280925,271.9069519042969
38790.50362747502,271.1506042480469
38963.6755186691,273
39136.847409863185,273
39310.01930105727,273.9612121582031
39483.191192251354,278.6064453125
39656.36308344544,287.8227233886719
39829.53497463952,280.086669921875
40002.70686583361,288.1710815429688
40175.87875702769,289.64599609375
40349.050648221775,291.0671081542969
40522.22253941586,292.5660400390625
40695.394430609944,292.2680358886719
40868.56632180403,292.6272583007812
41041.73821299812,289
41214.910104192204,287.3519287109375
41388.08199538629,285.7299194335938
41561.25388658037,285.3562622070312
41734.42577777446,284.1125183105469
41907.59766896854,284.8374328613281
42080.769560162626,285.458251953125
42253.94145135671,286.1296081542969
42427.113342550794,278.579833984375
42600.28523374488,280.0373229980469
42773.45712493896,281.1429138183594
42946.62901613305,281.1287536621094
43119.80090732713,289.1929931640625
43292.97279852122,283.3392028808594
43466.14468971531,280.6829833984375
43639.31658090939,276.8248291015625
43812.488472103476,286.0383605957031
43985.66036329756,286.6806640625
44158.832254491645,284.9455871582031
44332.00414568573,280.0146484375
44505.17603687981,276.0247802734375
44678.3479280739,274.4288940429688
44851.51981926798,270.2667846679688
45024.691710462066,271.8289184570312
45197.86360165615,270.9071350097656
45371.035492850235,269.8740234375
45544.207384044326,268.6322937011719
45717.37927523841,269.6942749023438
45890.551166432495,272.2581481933594
46063.72305762658,272.5064086914062
46236.89494882066,271.7872619628906
46410.06684001475,270.764404296875
46583.23873120883,268
46756.41062240292,268.0220642089844
46929.582513597,266.5203247070312
47102.754404791085,266.7384338378906
47275.92629598517,268.0566101074219
47449.098187179254,270.88671875
47622.27007837334,266.1960754394531
47795.44196956743,266.2887268066406
47968.613860761514,264.1864318847656
48141.7857519556,264.0013732910156
48314.95764314968,264
48488.12953434377,264.0281066894531
48661.30142553785,264
48834.473316731935,265.7244873046875
49007.64520792602,266.9999694824219
49180.817099120104,266.8965759277344
49353.98899031419,265.7248840332031
49527.16088150827,265
49700.33277270236,265
49873.50466389644,265
50046.67655509053,264.7915344238281
50219.84844628462,264.05615234375
50393.0203374787,265.6476745605469
50566.192228672786,264.3630981445312
50739.36411986687,266.9328002929688
50912.536011060954,265.6469116210938
51085.70790225504,264.6185302734375
51258.87979344912,263
51432.05168464321,263
51605.22357583729,264.2254638671875
51778.395467031376,264.9650573730469
51951.56735822546,263.992919921875
52124.73924941955,263.4665832519531
52297.911140613636,263.1965637207031
52471.08303180772,264.1274719238281
52644.254923001805,269.4352111816406
52817.42681419589,265.1021728515625
52990.59870538997,263.3828430175781
53163.77059658406,263
53336.94248777814,263
53510.11437897223,263
53683.28627016631,263
53856.458161360395,263
54029.63005255448,263
54202.801943748564,263
54375.973834942655,263
54549.14572613674,269.2218933105469
54722.317617330824,268.9060363769531
54895.48950852491,268.442138671875
55068.66139971899,269.9222412109375
55241.83329091308,271.7980346679688
55415.00518210716,269.3380737304688
55588.177073301245,264.8988342285156
55761.34896449533,262.6766052246094
55934.520855689414,262.5721740722656
56107.6927468835,263.177490234375
56280.86463807758,262.6886596679688
56454.03652927167,262.542724609375
56627.20842046576,263.2449645996094
56800.38031165984,266.6168212890625
56973.55220285393,267.6673278808594
57146.72409404801,266.0414733886719
57319.895985242096,263.1661071777344
57493.06787643618,263
57666.239767630264,263.4639282226562
57839.41165882435,268.4084777832031
58012.58355001843,266.6643676757812
58185.75544121252,265
58358.9273324066,263.8619995117188
58532.099223600686,267.5938415527344
58705.27111479477,267.4346008300781
58878.44300598886,265.9590454101562
59051.614897182946,264
59224.78678837703,261.4885864257812
59397.958679571115,263.7723388671875
59571.1305707652,262.5088806152344
59744.30246195928,262
59917.47435315337,263.2524719238281
60090.64624434745,262
60263.818135541536,260.1953125
60436.99002673562,260
60610.161917929705,260
60783.33380912379,260
60956.50570031788,260
61129.677591511965,260
61302.84948270605,260
61476.021373900134,260
61649.19326509422,260
61822.3651562883,260
61995.53704748239,260.1377868652344
62168.70893867647,260
62341.880829870555,260
62515.05272106464,261.8758239746094
62688.224612258724,261.9911193847656
62861.39650345281,261.5798645019531
63034.56839464689,261
63207.740285840984,262.5684814453125
63380.91217703507,265.1764221191406
63554.08406822915,264.4319458007812
63727.25595942324,261
63900.42785061732,261.2560729980469
64073.599741811406,259.9332885742188
64246.77163300549,259
64419.943524199574,259.0797729492188
64593.11541539366,258.483642578125
64766.28730658774,261.6568298339844
64939.45919778183,259.7183227539062
65112.63108897591,259.7120971679688
65285.802980169996,260
65458.97487136409,260
65632.14676255817,259.1918029785156
65805.31865375226,259.2197875976562
65978.49054494634,259.5347290039062
66151.66243614042,260.233642578125
66324.83432733451,261.0811157226562
66498.0062185286,263.2772827148438
66671.17810972268,262.0549621582031
66844.35000091676,262.0472412109375
67017.52189211085,263.5506896972656
67190.69378330493,264.2553100585938
67363.86567449901,264.3126831054688
67537.0375656931,262.6529541015625
67710.20945688718,262.6412353515625
67883.38134808127,266
68056.55323927535,263.0584716796875
68229.72513046944,261.9697570800781
68402.89702166352,260.1782836914062
68576.0689128576,260.5650024414062
68749.2408040517,260.4273376464844
68922.41269524579,261
69095.58458643987,260.1153564453125
69268.75647763396,258.2866516113281
69441.92836882804,259.3703308105469
69615.10026002213,260.573486328125
69788.27215121621,259.567626953125
69961.4440424103,258
70134.61593360438,258
70307.78782479846,258.7117004394531
70480.95971599255,263
70654.13160718663,261.7590942382812
70827.30349838072,259.5259399414062
71000.4753895748,261.1343688964844
71173.64728076888,262.9750061035156
71346.81917196297,261.0399475097656
71519.99106315705,260.4334411621094
71693.16295435114,260.4520874023438
71866.33484554522,260.4780578613281
72039.5067367393,261.3197937011719
72212.67862793339,260.3019104003906
72385.85051912747,259.12841796875
72559.02241032156,259.0737609863281
72732.19430151564,261
72905.36619270973,262
73078.53808390381,263
73251.70997509791,262.8239440917969
73424.881866292,264.2554016113281
73598.05375748608,266
73771.22564868016,266.8500671386719
73944.39753987425,266.1613464355469
74117.56943106833,266.0940246582031
74290.74132226242,261.0922546386719
74463.9132134565,259.5919189453125
74637.08510465058,261.486328125
74810.25699584467,265.0271911621094
74983.42888703875,257.6887512207031
75156.60077823284,257.5643005371094
75329.77266942692,259.5104064941406
75502.944560621,258.4204406738281
75676.11645181509,261.1171569824219
75849.28834300918,271.7868041992188
76022.46023420326,272.6085510253906
76195.63212539734,255.1653137207031
76368.80401659143,256
76541.97590778551,256
76715.1477989796,256
76888.31969017368,256
77061.49158136777,258.5968933105469
77234.66347256185,265.9869995117188
77407.83536375593,260.3023071289062
77581.00725495003,260.76904296875
77754.17914614412,264.802734375
77927.3510373382,269.2271118164062
78100.52292853229,267.9468078613281
78273.69481972637,265.7405090332031
78446.86671092045,264.3198547363281
78620.03860211454,253.3803405761719
78793.21049330862,253
78966.38238450271,255.6741638183594
79139.55427569679,259.3910827636719
79312.72616689088,260.7083129882812
79485.89805808496,258
79659.06994927904,259.2140502929688
79832.24184047313,256.8500366210938
80005.41373166721,255.4342193603516
80178.5856228613,254.9268798828125
80351.75751405538,255.3215484619141
80524.92940524947,256.8020324707031
80698.10129644355,256.8014526367188
80871.27318763763,260.0924682617188
81044.44507883172,261.5951538085938
81217.6169700258,260.7417602539062
81390.78886121989,258.2195434570312
81563.96075241397,257.882080078125
81737.13264360806,257.6667175292969
81910.30453480214,257.3751831054688
82083.47642599624,256.0360107421875
82256.64831719032,255.8655090332031
82429.82020838441,255.8935852050781
82602.99209957849,255
82776.16399077258,254.6732177734375
82949.33588196666,254
83122.50777316075,253.8429565429688
83295.67966435483,254.1514282226562
83468.85155554891,255.00439453125
83642.023446743,254.4158782958984
83815.19533793708,255.2194366455078
83988.36722913117,254.4483795166016
84161.53912032525,253.2331848144531
84334.71101151934,255.0448608398438
84507.88290271342,255.266357421875
84681.0547939075,254.8249664306641
84854.22668510159,256.674072265625
85027.39857629567,255.9724273681641
85200.57046748976,258.9912109375
85373.74235868384,255.437744140625
85546.91424987793,259.4227294921875
85720.08614107201,251.8200073242188
85893.2580322661,252.5853118896484
86066.42992346018,252.9690856933594
86239.60181465426,253.3448638916016
86412.77370584835,255.3607025146484
86585.94559704245,253.8550109863281
86759.11748823653,255.7055053710938
86932.28937943061,254
87105.4612706247,255.245361328125
87278.63316181878,255.1449127197266
87451.80505301287,255
87624.97694420695,255.3641662597656
87798.14883540104,254.9959716796875
87971.32072659512,253.1979370117188
88144.4926177892,254.8354949951172
88317.66450898329,254.9219665527344
88490.83640017737,254.3994598388672