0,4.537430763244629
66.65985956105463,3.610314130783081
133.31971912210926,1.808176517486572
199.97957868316388,0
266.6394382442185,0
333.29929780527317,0
399.95915736632776,0
466.6190169273824,0
533.278876488437,0
599.9387360494917,2.526856184005737
666.5985956105463,2.831423759460449
733.258455171601,2.733651638031006
799.9183147326555,2.344760417938232
866.5781742937102,1.274261355400085
933.2380338547648,0
999.8978934158195,0
1066.557752976874,0
1133.2176125379287,0
1199.8774720989834,0
1266.537331660038,0
1333.1971912210927,0
1399.8570507821473,0
1466.516910343202,0
1533.1767699042566,0
1599.836629465311,0
1666.4964890263657,-0.006460522767156363
1733.1563485874203,-0.1545416414737701
1799.816208148475,-0.2639004588127136
1866.4760677095296,-0.4114092886447906
1933.1359272705843,-0.6627038717269897
1999.795786831639,-0.9044315218925476
2066.455646392694,-1.195052027702332
2133.115505953748,-1.585030317306519
2199.7753655148026,-2.038166999816895
2266.4352250758575,-2.40555214881897
2333.095084636912,-2.819294452667236
2399.754944197967,-3.238168716430664
2466.414803759021,-3.549568176269531
2533.074663320076,-3.88850998878479
2599.7345228811305,-4.156985282897949
2666.3943824421854,-4.43189811706543
2733.05424200324,-4.760033130645752
2799.7141015642947,-5.025443553924561
2866.373961125349,-5.300530433654785
2933.033820686404,-5.514101028442383
2999.6936802474584,-5.634316444396973
3066.3535398085132,-5.832708358764648
3133.0133993695677,-6.029801845550537
3199.673258930622,-6.222114086151123
3266.333118491677,-6.410625457763672
3332.9929780527314,-6.600005626678467
3399.6528376137862,-6.786497116088867
3466.3126971748407,-6.973080635070801
3532.9725567358955,-7.19236946105957
3599.63241629695,-7.356112957000732
3666.292275858005,-7.512357711791992
3732.9521354190592,-7.679338455200195
3799.611994980114,-7.860934257507324
3866.2718545411685,-8.066438674926758
3932.9317141022234,-8.155533790588379
3999.591573663278,-8.257647514343262
4066.2514332243327,-8.385668754577637
4132.911292785388,-8.493088722229004
4199.5711523464415,-8.628579139709473
4266.231011907496,-8.748006820678711
4332.890871468551,-8.887737274169922
4399.550731029605,-9.05004596710205
4466.21059059066,-9.179414749145508
4532.870450151715,-9.317886352539062
4599.53030971277,-9.479860305786133
4666.190169273824,-9.647805213928223
4732.850028834879,-9.815849304199219
4799.509888395934,-10.02742385864258
4866.169747956988,-10.18555355072021
4932.829607518042,-10.28878498077393
4999.489467079097,-10.61527442932129
5066.149326640152,-10.98898601531982
5132.809186201207,-11.30865383148193
5199.469045762261,-11.54052734375
5266.128905323316,-11.65831851959229
5332.788764884371,-11.77935981750488
5399.448624445425,-11.89739894866943
5466.10848400648,-12.00118064880371
5532.768343567534,-12.0928840637207
5599.428203128589,-12.18016529083252
5666.088062689643,-12.26806735992432
5732.747922250698,-12.35171508789062
5799.407781811753,-12.42818832397461
5866.067641372808,-12.49400901794434
5932.727500933862,-12.5557165145874
5999.387360494917,-12.54063606262207
6066.047220055972,-12.4866189956665
6132.7070796170265,-12.50546455383301
6199.36693917808,-12.59284591674805
6266.026798739135,-12.74934864044189
6332.68665830019,-12.86417579650879
6399.346517861244,-12.8976001739502
6466.006377422299,-12.91576766967773
6532.666236983354,-12.82144260406494
6599.326096544409,-12.79349613189697
6665.985956105463,-12.84364414215088
6732.645815666518,-12.96956443786621
6799.3056752275725,-12.98902797698975
6865.965534788627,-12.99315643310547
6932.625394349681,-12.99703884124756
6999.285253910736,-13
7065.945113471791,-13
7132.604973032846,-13
7199.2648325939,-13
7265.924692154955,-13
7332.58455171601,-13
7399.2444112770645,-13
7465.9042708381185,-13
7532.564130399173,-13
7599.223989960228,-13
7665.883849521282,-13
7732.543709082337,-13
7799.203568643392,-13
7865.863428204447,-13
7932.523287765501,-13
7999.183147326556,-13.00620651245117
8065.8430068876105,-13.0043478012085
8132.502866448665,-13
8199.16272600972,-13
8265.822585570775,-13
8332.482445131829,-13
8399.142304692883,-13
8465.802164253939,-13
8532.462023814993,-13
8599.121883376047,-13
8665.781742937103,-13
8732.441602498156,-13
8799.10146205921,-13
8865.761321620266,-13
8932.42118118132,-13
8999.081040742376,-13
9065.74090030343,-12.88642692565918
9132.400759864484,-12.75548934936523
9199.06061942554,-12.62455081939697
9265.720478986594,-12.49360942840576
9332.380338547648,-12.36266613006592
9399.040198108703,-12.23172092437744
9465.700057669757,-12.10077381134033
9532.359917230813,-12
9599.019776791867,-12
9665.679636352921,-11.94969272613525
9732.339495913977,-11.80023193359375
9798.99935547503,-11.57220268249512
9865.659215036085,-11.24286460876465
9932.31907459714,-10.81193161010742
9998.978934158195,-10.38100242614746
10065.638793719248,-10.02792072296143
10132.298653280304,-9.943196296691895
10198.958512841358,-9.805649757385254
10265.618372402414,-9.5895357131958
10332.278231963468,-9.501689910888672
10398.938091524522,-9.612987518310547
10465.597951085578,-9.802847862243652
10532.257810646632,-10.00038242340088
10598.917670207686,-10.04668617248535
10665.577529768741,-10.17232227325439
10732.237389329795,-10.37652587890625
10798.89724889085,-10.92049980163574
10865.557108451905,-11.42093563079834
10932.21696801296,-11.84279918670654
10998.876827574015,-12
11065.536687135069,-12
11132.196546696123,-12
11198.856406257179,-12
11265.516265818233,-12
11332.176125379287,-12
11398.835984940342,-12
11465.495844501396,-12.27003002166748
11532.155704062452,-12.56987476348877
11598.815563623506,-12.77909374237061
11665.47542318456,-12.94791316986084
11732.135282745616,-13.11672496795654
11798.79514230667,-13.28553009033203
11865.455001867724,-13.45432662963867
11932.11486142878,-13.6231164932251
11998.774720989833,-13.79189968109131
12065.434580550887,-13.96067523956299
12132.094440111943,-14.166672706604
12198.754299672997,-14.45147132873535
12265.414159234053,-14.81482696533203
12332.074018795107,-15.08914279937744
12398.73387835616,-15.30983448028564
12465.393737917217,-15.60908699035645
12532.05359747827,-15.92500972747803
12598.713457039325,-15.90844631195068
12665.37331660038,-15.75048923492432
12732.033176161434,-15.67109203338623
12798.693035722488,-15.28488826751709
12865.352895283544,-14.85409832000732
12932.012754844598,-14.42331123352051
12998.672614405654,-14.15764427185059
13065.332473966708,-14.02658748626709
13131.992333527762,-13.89552783966064
13198.652193088818,-13.76446628570557
13265.312052649871,-13.63340282440186
13331.971912210925,-13.50233745574951
13398.631771771981,-13.37126922607422
13465.291631333035,-13.44007968902588
13531.951490894091,-13.61047077178955
13598.611350455145,-13.86243629455566
13665.271210016199,-14
13731.931069577255,-14
13798.590929138309,-14
13865.250788699363,-14.06110668182373
13931.910648260418,-14.36076164245605
13998.570507821472,-14.66041088104248
14065.230367382526,-14.96005535125732
14131.890226943582,-15.25969409942627
14198.550086504636,-15.55932712554932
14265.209946065692,-15.85895538330078
14331.869805626746,-16.07356262207031
14398.5296651878,-16.27262306213379
14465.189524748856,-16.55023765563965
14531.84938430991,-16.86539077758789
14598.509243870963,-16.99247550964355
14665.16910343202,-17.07840156555176
14731.828962993073,-17.23954010009766
14798.488822554129,-17.02821350097656
14865.148682115183,-16.6726016998291
14931.808541676237,-16.23844146728516
14998.468401237293,-15.88025283813477
15065.128260798347,-15.58856201171875
15131.7881203594,-15.24635601043701
15198.447979920456,-15.05319786071777
15265.10783948151,-15.35274791717529
15331.767699042564,-15.6522912979126
15398.42755860362,-15.95182991027832
15465.087418164674,-16
15531.74727772573,-16
15598.407137286784,-16
15665.066996847838,-16
15731.726856408894,-16
15798.386715969948,-16
15865.046575531002,-16
15931.706435092057,-16
15998.366294653111,-16
16065.026154214165,-16
16131.686013775221,-15.75359153747559
16198.345873336275,-15.45411586761475
16265.00573289733,-15.1546459197998
16331.665592458385,-15
16398.32545201944,-15
16464.985311580494,-15
16531.64517114155,-14.95681762695312
16598.305030702602,-14.65737438201904
16664.964890263658,-14.39231109619141
16731.624749824714,-14.2324047088623
16798.284609385766,-14.4807014465332
16864.944468946822,-14.74583721160889
16931.604328507878,-14.93241786956787
16998.26418806893,-15
17064.924047629986,-15
17131.58390719104,-15
17198.243766752094,-14.96261596679688
17264.90362631315,-14.6632251739502
17331.563485874205,-14.3638391494751
17398.223345435257,-14.06445789337158
17464.883204996313,-14.23491668701172
17531.54306455737,-14.53428745269775
17598.20292411842,-14.83365249633789
17664.862783679477,-15.28448390960693
17731.522643240532,-15.95129203796387
17798.18250280159,-16.53954124450684
17864.84236236264,-17.01288604736328
17931.502221923696,-17.1804313659668
17998.162081484752,-17.4265251159668
18064.821941045804,-17.75116539001465
18131.48180060686,-17.93973541259766
18198.141660167916,-17.92905044555664
18264.801519728968,-17.7978343963623
18331.461379290024,-17.62450408935547
18398.12123885108,-17.3376522064209
18464.78109841213,-16.97224998474121
18531.440957973187,-16.53268432617188
18598.100817534243,-16.19175338745117
18664.760677095295,-16.0079174041748
18731.42053665635,-15.88867664337158
18798.080396217407,-15.58247852325439
18864.74025577846,-15.29570293426514
18931.400115339515,-15.08747673034668
18998.05997490057,-14.88090133666992
19064.719834461626,-14.58165264129639
19131.37969402268,-14.28240871429443
19198.039553583734,-13.98317050933838
19264.69941314479,-13.68393707275391
19331.359272705842,-13.38470935821533
19398.019132266898,-13.08548641204834
19464.678991827954,-13
19531.338851389006,-13
19597.99871095006,-13
19664.658570511117,-13.10669422149658
19731.31843007217,-13.55270004272461
19797.978289633225,-13.99449634552002
19864.63814919428,-14.36088752746582
19931.298008755333,-14.791335105896
19997.95786831639,-15.22177982330322
20064.617727877445,-15.65222072601318
20131.277587438497,-15.87704181671143
20197.937446999553,-15.99986743927002
20264.59730656061,-15.99842929840088
20331.25716612166,-15.99865818023682
20397.917025682716,-15.99874782562256
20464.576885243772,-15.99854183197021
20531.236744804828,-15.99784278869629
20597.89660436588,-15.93756008148193
20664.556463926936,-15.95523643493652
20731.21632348799,-16.04994773864746
20797.876183049044,-16.18486022949219
20864.5360426101,-16.31235504150391
20931.195902171155,-16.43986129760742
20997.855761732208,-16.60614585876465
21064.515621293263,-16.80082130432129
21131.17548085432,-16.91892623901367
21197.83534041537,-16.96177673339844
21264.495199976427,-16.63028907775879
21331.155059537483,-16.23186492919922
21397.814919098535,-15.83466529846191
21464.47477865959,-15.35246753692627
21531.134638220647,-14.87472438812256
21597.7944977817,-14.47561836242676
21664.454357342755,-14.15828514099121
21731.11421690381,-13.92046546936035
21797.774076464866,-13.75543022155762
21864.43393602592,-13.67176723480225
21931.093795586974,-13.66483783721924
21997.75365514803,-13.73441123962402
22064.413514709082,-13.88377571105957
22131.073374270138,-14.11293697357178
22197.733233831194,-14.42361640930176
22264.393093392246,-14.73009395599365
22331.0529529533,-15.04432010650635
22397.712812514357,-15.33709907531738
22464.37267207541,-15.63566207885742
22531.032531636465,-15.93492984771729
22597.69239119752,-16.22856330871582
22664.352250758573,-16.51998901367188
22731.01211031963,-16.81655120849609
22797.671969880685,-17.07260513305664
22864.331829441737,-17.24673271179199
22930.991689002793,-17.3438835144043
22997.65154856385,-17.28468322753906
23064.311408124904,-16.86235809326172
23130.971267685956,-16.44944000244141
23197.631127247012,-16.04661560058594
23264.290986808068,-15.91141319274902
23330.95084636912,-15.81247138977051
23397.610705930176,-15.64556121826172
23464.27056549123,-15.47557258605957
23530.930425052284,-15.35274887084961
23597.59028461334,-15.22892189025879
23664.250144174395,-15.15313053131104
23730.910003735447,-15.31213665008545
23797.569863296503,-15.51520538330078
23864.22972285756,-15.65998268127441
23930.88958241861,-15.65831756591797
23997.549441979667,-15.71633052825928
24064.209301540723,-15.84444046020508
24130.869161101775,-16.04144859313965
24197.52902066283,-16.31550216674805
24264.188880223886,-16.63686943054199
24330.848739784942,-16.7482795715332
24397.508599345994,-16.60881614685059
24464.16845890705,-16.47722434997559
24530.828318468106,-16.34653663635254
24597.488178029158,-16.13996505737305
24664.148037590214,-15.98448276519775
24730.80789715127,-15.90616893768311
24797.46775671232,-15.88836097717285
24864.127616273377,-15.87350463867188
24930.787475834433,-15.8635778427124
24997.447335395485,-15.85981369018555
25064.10719495654,-15.84162712097168
25130.767054517597,-15.83266544342041
25197.42691407865,-15.82434463500977
25264.086773639705,-15.82511901855469
25330.74663320076,-15.75299072265625
25397.406492761813,-15.7433557510376
25464.06635232287,-15.75821113586426
25530.726211883924,-15.72881507873535
25597.386071444977,-15.69755268096924
25664.045931006032,-15.66418075561523
25730.705790567088,-15.6312141418457
25797.365650128144,-15.59713459014893
25864.025509689196,-15.53541088104248
25930.685369250252,-15.47443866729736
25997.345228811308,-15.42102527618408
26064.00508837236,-15.3648509979248
26130.664947933416,-15.31190776824951
26197.32480749447,-15.26902294158936
26263.984667055523,-15.24195098876953
26330.64452661658,-15.20449161529541
26397.304386177635,-15.16267776489258
26463.964245738687,-15.12022876739502
26530.624105299743,-15.09492874145508
26597.2839648608,-14.97244644165039
26663.94382442185,-14.76509094238281
26730.603683982907,-14.47727680206299
26797.263543543962,-14.22418880462646
26863.923403105015,-14.14221382141113
26930.58326266607,-13.9922571182251
26997.243122227126,-13.79465675354004
27063.902981788182,-13.397292137146
27130.562841349234,-13.00245666503906
27197.22270091029,-12.61797046661377
27263.882560471346,-12.383957862854
27330.542420032398,-12.28464412689209
27397.202279593454,-12.2221851348877
27463.86213915451,-12.17502212524414
27530.52199871556,-12.15436458587646
27597.181858276617,-12.12485790252686
27663.841717837673,-12.10861301422119
27730.501577398725,-12.28537273406982
27797.16143695978,-12.50695610046387
27863.821296520837,-12.70226383209229
27930.48115608189,-12.79206848144531
27997.141015642945,-12.78026866912842
28063.800875204,-12.76768970489502
28130.460734765053,-12.76744174957275
28197.12059432611,-12.73624324798584
28263.780453887164,-12.65988445281982
28330.44031344822,-12.57052993774414
28397.100173009272,-12.63717842102051
28463.760032570328,-12.70580101013184
28530.419892131384,-12.76253986358643
28597.079751692436,-12.72708892822266
28663.73961125349,-12.5736141204834
28730.399470814547,-12.41556167602539
28797.0593303756,-12.26735687255859
28863.719189936655,-12.05674839019775
28930.37904949771,-11.80943775177002
28997.038909058763,-11.56085968017578
29063.69876861982,-11.18910884857178
29130.358628180875,-10.88461875915527
29197.018487741927,-10.63945198059082
29263.678347302983,-10.41483116149902
29330.33820686404,-10.25719451904297
29396.99806642509,-9.966508865356445
29463.657925986146,-9.682538032531738
29530.317785547202,-9.365642547607422
29596.977645108258,-9.065552711486816
29663.63750466931,-8.787696838378906
29730.297364230366,-8.566900253295898
29796.95722379142,-8.398244857788086
29863.617083352474,-8.22611141204834
29930.27694291353,-7.996987342834473
29996.936802474585,-7.694430828094482
30063.596662035638,-7.410012722015381
30130.256521596693,-7.109492301940918
30196.91638115775,-6.645276546478271
30263.5762407188,-6.150754451751709
30330.236100279857,-5.652591228485107
30396.895959840913,-5.000551700592041
30463.555819401965,-4.45796537399292
30530.21567896302,-3.87990403175354
30596.875538524077,-3.299169540405273
30663.53539808513,-2.656377553939819
30730.195257646184,-2.069544315338135
30796.85511720724,-1.522285103797913
30863.514976768296,-1.075305700302124
30930.17483632935,-0.6939918398857117
30996.834695890404,-0.4219213724136353
31063.49455545146,-0.2390891909599304
31130.154415012512,-0.1463882327079773
31196.814274573568,-0.04583084955811501
31263.474134134623,-0.008949168026447296
31330.133993695676,0
31396.79385325673,0
31463.453712817787,0
31530.11357237884,0
31596.773431939895,0
31663.43329150095,0
31730.093151062003,0
31796.75301062306,0.7834966778755188
31863.412870184115,1.395781636238098
31930.072729745167,3.223405122756958
31996.732589306223,3.431770801544189
32063.39244886728,2.389533758163452
32130.05230842833,4.530745029449463
32196.712167989386,0
32263.372027550442,0
32330.031887111498,0
32396.69174667255,0
32463.351606233606,0
32530.01146579466,0
32596.671325355714,0
32663.33118491677,0.4767951965332031
32729.991044477825,0.8181453347206116
32796.65090403888,-0.03670014441013336
32863.31076359993,-2.550321340560913
32929.97062316099,-0.8085843324661255
32996.630482722045,0
33063.2903422831,0.3052129149436951
33129.95020184415,1
33196.610061405205,1
33263.26992096626,2.064519882202148
33329.929780527316,1.831061005592346
33396.58964008837,1.312776565551758
33463.24949964943,0.9578302502632141
33529.90935921048,1.140494823455811
33596.56921877153,4.001650810241699
33663.22907833259,5.995348930358887
33729.888937893644,6.990006923675537
33796.5487974547,8.438936233520508
33863.208657015755,8.946855545043945
33929.868516576804,9.376684188842773
33996.52837613786,9.903459548950195
34063.188235698915,10.43024349212646